accuracy : 0.965350866317749
precision : 0.9869002537010136
recall : 0.9227272727272726
false : 0.007857142857142858
miss : 0.07727272727272727